2769
2530
1979
2422
1271
2314
443
2506
790
560
338
44
1069
2680
24
2793
1297
94
1422
1781
244
894
2050
677
2242
1253
1164
875
1319
1161
2548
1967
1841
825
773
439
1883
654
2283
435
666
2610
1017
1997
2860
764
284
388
2856
416
1813
530
2666
1779
1222
1325
2794
1344
68
905
1811
106
1617
2198
141
479
1700
1966
2634
1963
400
853
263
2151
1939
2579
1369
2095
1420
1698
1415
688
2843
925
982
1989
1664
1817
1202
2202
2994
1812
2167
1023
2045
1660
2527
3060
2269
250
207
1003
2196
833
940
2043
2411
1498
1904
1534
281
839
2432
1885
2734
634
1766
2146
2611
883
1248
1842
1563
1083
154
2421
2799
2163
1918
2655
379
1034
1306
1273
2502
1940
477
1744
31
410
294
492
1490
2208
767
2022
931
1621
2723
2227
1943
1363
636
2887
782
87
1392
2116
2941
939
298
2558
1494
2291
2048
1458
994
506
1875
51
2604
2571
1653
2456
2127
1390
346
2455
2023
2328
1021
2062
1759
98
1087
459
21
1626
1080
1741
246
740
2771
167
196
2667
2665
1685
952
2752
1430
2966
2143
2335
2351
2526
1250
999
570
2575
1726
2413
1889
668
2356
1772
1091
1917
2417
1033
906
1742
2876
775
2991
2476
2536
577
1831
645
2829
1945
1014
2576
1180
2035
2773
444
683
2185
612
916
2879
1964
851
1595
1403
679
1371
2873
2098
818
412
2408
1728
1800
630
1391
1139
442
972
1355
2252
1954
1540
2864
2806
2332
2648
1549
2365
1175
2325
351
1816
2857
1824
222
1275
735
2135
1510
705
1890
2099
1609
2697
1605
763
719
592
902
169
2039
1794
2259
2701
929
382
352
519
353
1555
2094
1827
1287
1143
2499
2875
817
1583
1478
1309
2157
293
2372
2995
618
2534
815
276
103
2720
601
95
1454
41
1622
704
1928
387
848
1192
1179
2059
1111
1189
1288
1662
1912
2589
1826
90
491
2828
1169
2563
2064
2900
2689
286
1505
2067
204
2278
2916
267
2606
1026
306
229
425
2251
453
1706
270
2646
1719
2894
2668
58
2293
2515
2724
1973
187
2714
239
176
1754
72
2834
2452
2287
2790
1387
1256
2524
1460
979
2803
1924
1959
3049
617
2197
801
2210
2818
372
1971
2632
74
1100
1511
2957
1702
974
2851
2605
2355
2796
2027
2015
468
2004
787
1471
2084
311
1561
1423
970
413
458
3015
1239
1986
1893
721
2971
2458
2705
227
2042
342
1177
1417
1571
1536
1167
2171
328
611
449
1413
1484
150
2470
2784
2609
2260
992
1501
1377
426
260
761
307
2522
1276
1
2532
1618
2923
2483
1210
584
2951
2583
1214
978
2904
2786
2968
470
2533
2748
69
1544
13
2565
1586
1410
121
2384
892
659
2878
2270
91
1450
907
2902
2706
399
1656
1543
320
1245
313
2354
446
2712
1526
348
1172
131
2008
2516
2981
364
2173
2448
2893
2863
876
2264
919
264
3003
3028
2838
573
2131
493
2360
2248
2041
2377
1747
681
1157
1474
2836
935
2854
1188
3038
1348
501
1054
332
1339
867
1686
2910
2542
1629
2052
1216
2897
567
1828
1835
2076
587
83
2057
1949
1651
1428
1962
1053
1758
1426
1154
2984
424
2529
531
2671
16
667
884
1182
1907
1724
1632
1547
389
2925
118
2420
1821
3005
2852
1488
1784
1865
842
1075
1444
760
604
1993
556
1614
983
461
55
1174
1394
1274
1473
3057
2725
214
1987
1085
2266
170
2261
2434
2169
2246
2410
2711
309
2234
1212
489
1296
2635
834
1455
2112
369
142
2425
865
429
1580
2187
14
274
1649
1370
1557
2728
137
99
990
134
2759
1846
2816
1524
402
2494
915
2779
2801
2826
1787
1631
792
2428
510
2956
2301
2205
2954
2183
1198
807
2744
403
265
1876
1166
391
2682
1576
887
9
2442
1039
551
1095
2867
2733
2160
1115
2586
816
1209
2903
2243
3009
2272
2934
392
2233
2832
2350
1639
2514
1146
2730
2920
2853
2398
2454
2622
1305
10
2087
791
2315
2338
1667
714
1935
1635
2149
1412
1610
652
1326
1942
1642
1396
2638
1328
3030
2766
2317
469
1575
2909
1652
3020
1431
2948
1251
1012
2385
2858
2
408
1638
1711
2273
2481
1551
2374
1044
1683
2658
1957
783
2866
543
2218
2743
2653
3043
2304
266
1068
1789
1013
1237
1419
628
1947
2877
2214
1101
1443
700
955
2679
285
1644
922
1786
2040
686
1634
318
1020
2819
302
2911
415
2945
2568
1030
59
1861
975
2745
1899
185
2965
751
2630
2699
54
781
549
656
1582
846
1529
830
436
798
2758
1647
119
2782
2232
2512
164
1264
49
1452
2700
1327
870
923
2082
419
1092
33
1815
1994
1833
109
1249
3017
709
125
25
2370
650
2661
1613
1808
736
1048
2077
2426
864
1220
1707
3026
5
2815
1913
19
910
1749
2932
2358
1252
957
2475
643
725
2738
2694
1573
866
1353
3059
1925
1756
52
1441
2772
708
205
2959
2608
1985
360
2206
2016
1603
658
287
2523
3031
2566
2707
1389
1598
723
1628
2996
2572
533
2216
452
2651
89
2647
750
2014
2600
2079
1002
2217
144
581
2337
22
280
189
2817
1124
463
918
2280
516
1693
843
3051
2299
330
959
2326
2688
1347
741
1528
1677
1863
1525
418
3011
1032
2192
1855
1645
2256
1750
1211
1240
962
1881
11
2938
2070
2418
2075
2556
693
2336
474
1990
1809
678
1066
206
1201
2373
2174
1504
1064
613
2318
152
901
2557
2090
1567
591
2555
2472
1303
1627
2528
1687
1029
179
1782
2393
2783
1880
2716
2676
2513
1975
2018
822
898
1668
1723
746
2357
160
2474
2399
1263
1588
1562
1466
1675
1825
2479
1022
2250
685
1300
2663
1792
2223
2841
282
42
2764
273
1103
1748
1361
2780
336
35
1446
2943
2181
376
1692
2071
1793
2735
2415
2389
1147
1500
2992
279
673
2926
406
680
1278
1332
2891
2540
1118
687
2265
203
555
2564
1630
335
676
1591
1680
324
2719
1910
3064
2833
2155
518
166
1383
2274
340
1016
1763
1331
1456
1018
657
2560
3054
2982
2327
745
2222
218
737
2736
2100
1992
1955
2896
1961
2601
2823
308
345
911
1485
82
77
2092
1480
997
1970
1232
2517
1304
2440
1818
1984
2427
1019
1663
1775
2107
66
1354
930
253
2159
300
2375
1960
2656
1185
1838
2309
1365
2221
2468
359
2103
1671
1769
1753
2215
2122
70
2930
1805
2585
2451
251
3004
1968
619
2696
2263
398
2964
811
2321
1710
2642
18
814
1771
2538
1308
2944
145
23
2691
2123
1837
1900
1574
813
2602
148
2047
562
2105
696
1764
1102
107
733
1010
943
1448
2721
540
2344
1291
2872
852
242
1071
60
1654
249
726
1006
1155
1259
1171
2086
2097
1760
632
1684
1011
2614
1178
277
951
2166
2165
748
3024
1521
3
2899
675
325
2316
534
292
2760
1375
837
2292
1257
753
3044
2371
2848
337
2715
1570
2236
367
779
349
2505
2403
1752
381
2978
2249
1336
1351
638
1866
53
1379
698
1199
707
1399
1798
2847
184
1225
568
1548
1854
738
2519
644
3041
838
996
2704
2276
2121
2617
1620
1906
2613
1194
662
2204
986
621
2808
1343
1581
1041
2626
880
2870
771
2756
1475
2445
1877
695
409
1690
1513
1894
998
503
1704
513
2469
147
361
620
2019
2616
1695
2937
1477
1823
1672
2931
2137
2871
1633
1160
857
1000
30
2588
731
1840
622
1445
819
1168
1129
1346
879
2419
1958
2584
432
1694
2830
2180
623
755
3045
2369
2142
1059
524
2096
1785
3035
1047
1623
646
354
84
794
1074
2063
776
1860
1082
1727
157
1056
291
569
1409
1127
2993
1552
885
237
862
1280
3032
1538
893
314
2874
2869
65
1862
93
2228
2209
2284
2977
575
1657
724
2049
193
1822
2695
544
941
2708
63
272
2136
968
3058
976
2967
2026
2521
640
1519
2465
2447
2842
2732
183
1156
682
1073
711
383
856
2962
2949
1004
690
37
2915
2342
421
3037
2036
1566
472
757
2731
1676
881
1922
942
2999
1737
1951
199
1655
1050
1836
1260
1898
2797
517
2368
1512
2644
897
2989
2176
988
1996
2460
2789
574
840
1312
211
113
373
1323
188
2037
467
914
2226
123
1730
2279
670
182
2401
877
1215
713
2901
2148
2933
2849
2685
509
1601
629
1062
1834
2488
1806
653
1878
1436
932
1117
1483
32
3008
1311
498
1440
1554
595
1589
561
288
350
2288
2028
2710
768
2405
1223
515
718
967
1590
471
1888
933
2596
1558
17
820
322
1184
1732
1946
969
2178
1045
2598
747
47
964
527
947
497
2034
977
545
1926
2106
1867
499
869
1731
2297
1130
1852
2281
692
2029
2727
2722
2504
633
1532
1991
257
362
2290
1150
2549
1804
3034
1247
2594
1067
2698
797
2203
2254
371
1868
2128
2444
2457
2692
3047
427
2822
1037
3018
1701
1231
2702
566
2747
651
874
2109
3025
465
663
697
2940
1408
1807
1133
2820
2200
2308
702
2985
2942
1948
642
190
1096
127
850
3033
456
891
888
759
2239
1849
958
2407
2618
102
234
3013
2654
2414
614
2562
85
2289
2462
743
1461
1871
3053
548
1839
2726
2467
1553
2194
2749
1219
1735
186
2778
2188
224
1298
550
1845
2835
961
1791
215
1932
101
2761
971
115
356
1650
2889
1908
502
2612
2282
689
1783
243
1076
1518
2341
1476
1187
2058
2120
111
2164
2541
488
872
2770
2717
1349
1340
1313
1310
2253
305
2306
38
126
1593
1159
580
233
752
946
2792
1527
744
1142
478
624
1539
1176
1797
1362
589
1134
1713
1098
1040
407
2497
2329
1031
2006
441
2367
1055
1559
3014
1108
2882
7
1302
1703
2844
2295
2132
1643
2675
480
271
80
1341
1234
1716
1531
934
578
904
1148
2775
2020
2850
1070
2114
1131
476
564
88
608
871
928
1604
2795
886
588
1982
2117
2438
1509
1405
1324
1183
1241
1648
2912
2150
1857
2637
1190
2997
727
1246
954
358
2615
2069
3056
2814
1213
2118
1360
987
327
105
67
610
2193
2880
1229
1492
995
1682
749
1149
202
34
97
2255
1290
1895
926
26
788
2947
76
2754
728
1969
1447
2060
2424
1768
1616
1345
2001
2489
2525
312
526
535
1929
2056
238
1564
1950
804
163
3000
2244
3036
217
1465
1314
1058
2201
944
1338
1243
414
2518
45
245
110
2258
1292
112
2111
1934
2620
716
1844
259
1896
1205
2570
1508
301
2918
2108
831
2189
1042
805
1814
1856
2898
194
2170
500
2275
2230
2140
1372
2453
2340
171
1506
396
1261
341
2552
1516
508
966
803
140
1502
2277
326
895
2788
1052
594
495
1897
615
1542
2868
2093
2625
209
1988
1774
1738
2450
2686
2012
2884
993
428
2139
2919
86
15
2520
1008
1295
2396
2443
1007
50
1641
2845
528
1734
1530
1384
2595
1009
343
878
295
1697
1207
2855
139
1334
2807
661
1755
938
487
2976
1560
1283
457
1467
2247
784
2464
1162
2718
2152
2629
1200
521
596
2366
2024
1432
1619
641
3002
377
2400
2322
2592
3050
96
420
2238
210
2436
108
2168
2531
296
1398
434
1358
742
1137
1434
1084
2973
960
1128
1307
2245
1715
2466
576
473
1952
1284
950
1337
232
1335
868
2800
1005
226
563
437
684
2359
2958
252
2980
3042
1359
1873
1116
2235
1038
1367
149
2364
863
2346
2495
1218
1937
660
1457
602
2129
669
2674
2765
631
2343
132
2313
2953
2437
1802
762
558
2381
2441
1270
129
2619
1751
512
812
2485
1317
514
2969
1956
1286
2459
860
2986
197
1776
699
2649
2883
1869
821
1113
393
62
1470
806
754
1689
1151
2928
2487
3055
2061
2449
2300
2623
2607
1481
2831
2587
2508
3021
2859
2645
706
2762
786
1203
2979
1459
2627
1046
2777
339
1373
1517
2000
2240
809
739
1678
1916
1921
2511
2224
1533
1578
2081
2471
2824
2657
586
785
1850
430
156
921
715
2310
2603
2003
1920
2331
1352
2134
161
553
20
1077
616
2145
1740
2133
2551
180
1381
2751
1433
329
2550
1221
1464
823
949
1049
2490
1099
909
1665
2672
1545
2083
317
1523
1088
366
800
2312
2286
2345
2065
2812
1293
2298
1887
2392
829
56
1886
598
2763
333
802
1301
1217
900
1493
2787
1681
1577
2885
2229
48
304
3052
2213
223
386
422
40
347
3006
1027
522
122
936
2017
3016
1105
908
2110
2677
3027
1496
1181
79
1795
268
2412
1537
323
1482
2330
1093
1974
2535
1602
1479
1778
1832
254
2144
1376
2030
1607
572
1640
1333
1468
546
2922
1919
2952
2055
4
1299
1406
1462
889
793
1829
481
159
1407
1819
168
213
1733
200
2182
1976
2199
2025
397
104
2972
297
6
258
896
2334
1708
625
2068
423
2482
2862
1104
2955
2380
212
1953
2390
985
1757
1126
2908
2237
1267
2311
2353
384
2840
1380
401
2324
1272
1145
1435
1905
2652
3007
1767
2296
1810
2640
2130
1720
2913
1497
1366
344
1923
1487
1658
2161
1761
1238
1453
1318
1233
2827
1061
1736
655
827
1495
609
2231
579
1437
225
2837
832
2031
2739
1729
2636
1882
2463
2402
2496
1915
455
3062
2690
2501
321
981
1206
2737
1624
1035
2599
1236
2821
1803
486
2009
2125
116
1109
221
2080
3040
1132
1114
1699
1107
547
1368
290
1320
1090
1043
2416
963
1330
2776
2119
2543
450
2486
2881
173
1585
2590
1227
626
849
571
1140
417
948
316
483
836
2101
2839
917
1329
1072
1294
2126
2639
1193
1121
2961
1489
844
1255
1972
460
3012
1112
1770
1451
529
331
1421
363
1848
989
507
299
720
1173
2431
208
734
2846
796
2791
1851
2091
765
664
2547
1382
2670
795
1028
674
1315
1208
2998
2257
2811
1429
1696
2046
1404
475
1235
175
365
2591
639
2303
1998
1170
78
1995
691
2423
2339
57
1541
903
2320
1999
2066
1364
2753
1799
1141
405
606
2484
1135
1535
2633
2033
262
1357
1977
1503
375
241
2190
1486
504
882
808
1025
2545
1438
1592
2693
1981
3046
890
1569
1224
2767
2544
3061
2268
2500
1556
1024
431
1094
240
1801
539
1927
1163
404
283
1717
1600
953
177
597
2905
1718
2271
899
2963
1079
1158
490
1584
2983
1266
1911
2361
2703
2755
1902
1097
153
2044
2659
2011
2892
2939
2643
2010
1001
1820
2007
2641
1843
485
2757
1615
1636
2053
1254
2162
777
854
1036
289
2974
1499
2179
2802
1579
2147
600
1874
2561
1242
2002
3022
2191
1427
2349
1596
1780
2746
1568
2684
385
1230
1762
2624
2537
390
1402
1903
2491
538
2186
100
1411
1153
1980
39
2158
2729
1936
1725
924
368
1191
1594
1847
2805
2102
2825
2184
172
2153
2302
847
2750
3039
2861
2241
2593
1078
2781
665
248
1938
1400
120
3048
2914
945
1289
151
2032
980
433
2113
3063
464
2580
2141
370
1063
195
2681
2461
2156
71
2683
2573
2664
484
920
2510
2865
2927
1679
1138
873
1859
135
2660
2740
73
2211
582
2662
1637
2950
2054
1123
2578
2810
2990
2362
2907
2774
46
2195
2546
2088
198
2387
1106
201
712
155
1228
1152
